test0.jpg    2 0.999334872  243   59  491  319 
test1.jpg    3 0.999944568  471  290 1440 1072 
test2.jpg    1 0.999996781  282  122  611  464 
test3.jpg    2 0.999775112  139  109  297  338 
test4.jpg    0 0.999800861  411  212  797  874 
test4.jpg    0 0.996673226  182  166  251  405 
test5.jpg    3 0.982326448  426  265  658  784 
test6.jpg    2 0.999561012  240   78  349  269 
test7.jpg    2 0.898546278  346  162 1046  870 
test7.jpg    3 0.999660492  381   35 1013  902 
test8.jpg    3 0.997283340   32  292  998 1440 
test9.jpg    0 0.988546193  144  655  370 1070 
test9.jpg    0 0.934805989  733   39 1234  749 
test9.jpg    3 0.999679923  418   80 1199  757 
test10.jpg   0 0.980575860  189   63  258  205 
test10.jpg   3 0.982503355  216  138  285  326 
test10.jpg   3 0.981376350  165   67  187  173 
test10.jpg   3 0.854665995  193   95  352  368 
test11.jpg   3 0.999989867  241   69 1172  983 
test12.jpg   3 0.996549606 2045  547 3519 2295 
test13.jpg   3 0.999946117  120   60  348  248 
test14.jpg   1 0.992774129   31    0  281  356 
test14.jpg   3 0.999916196   64    0  425  361 
test15.jpg   2 0.999685526   73  115 1153 1080 
test16.jpg   0 0.991989434  466    0  638  258 
test17.jpg   2 0.999483347  447  254 1075  730 
test18.jpg   3 0.999982238  147   52  280  325 
test19.jpg   3 0.999999046  129   78  338  282 
test20.jpg   0 0.999404907  774  669 1377 1080 
test20.jpg   0 0.995750308  117  684  252 1078 
test20.jpg   3 0.999024630  399  125  825  958 
test21.jpg   0 0.997983098  159    0  205   76 
test21.jpg   3 0.998711467  208   61  315  181 
test22.jpg   3 0.999951601  749   11 1439  704 
test23.jpg   3 0.999933600  628  300  869  740 
test24.jpg   3 0.999993443  432  151  975  825 
test25.jpg   3 0.857076526  159  103  391  362 
test26.jpg   3 0.994289994  740  303  869  712 
test27.jpg   3 0.999865413  908  288 1415  880 
test28.jpg   0 0.998835862  484  212  628  811 
test28.jpg   3 0.922818482  612  299 1025  881 
test29.jpg   0 0.997119546  453  138 1031  875 
test30.jpg   3 0.999998569  613  197 1068  744 
test31.jpg   2 0.930009961 1033    0 1694  845 
test31.jpg   3 0.998828113  835    2 1693  836 
test32.jpg   3 0.998650491  258   64  469  305 
test33.jpg   0 0.968282044  264   63  312  215 
test33.jpg   2 0.999709904  329   70  425  243 
test34.jpg   0 0.999183834  818  310  976  744 
test34.jpg   0 0.992468894  743   11  839  192 
test34.jpg   3 0.999616504  959  218 1243  699 
test35.jpg   2 0.999932051  138  128  335  346 
test36.jpg   0 0.999747932  227   65  331  219 
test36.jpg   0 0.977115631  106    4  133   87 
test37.jpg   2 0.959152520  522  345 1232 1057 
test37.jpg   3 0.998733461  543    8 1326  987 
test38.jpg   3 0.999888897  384    2 1037 1080 
test39.jpg   0 0.999575078  453  230 1121  910 
test40.jpg   2 0.999717295  823  243 2531 3093 
test41.jpg   3 0.999972224 1262  202 1628  724 
test42.jpg   2 0.999849319 1074  107 1422  588 
test43.jpg   3 0.999947071  152  201  397  536 
test44.jpg   3 0.998705029 1156  410 1308  844 
test45.jpg   2 0.999843240  173  205  378  450 
test46.jpg   0 0.997580528  239   69  298  222 
test46.jpg   3 0.968223929  222   54  254  162 
test47.jpg   3 0.996698678  617  129  720  653 
test48.jpg   3 0.999958754  394  119  878  697 
test49.jpg   3 0.999999166  320  123 1129 1007 
test50.jpg   2 0.999954343  259   79  370  229 
test51.jpg   1 0.999983072  121  180  309  434 
test52.jpg   3 0.938416660  456   11 1149  945 
test53.jpg   3 0.999995470  623  185 1200  983 
test54.jpg   0 0.999664187 1052  441 1457  984 
test54.jpg   3 0.997944057  735  609  881  864 
test55.jpg   0 0.991432309  156   46  962 1007 
test55.jpg   3 0.762031555   89   47  949 1019 
test56.jpg   0 0.997763753  287  222  356  315 
test57.jpg   1 0.999922752  145   77  382  443 
test58.jpg   0 0.999930859  165  117  268  296 
test58.jpg   0 0.998911858   51   67   97  193 
test59.jpg   0 0.993320346   39  280  102  404 
test59.jpg   2 0.999940872  181  193  360  410 
test60.jpg   0 0.999949336  295  191  707  888 
test61.jpg   3 0.999755919  921   95 1270  766 
test62.jpg   1 0.867129564  177   25  381  282 
test62.jpg   3 0.998749971  176   26  375  288 
test63.jpg   0 0.977784038  289   60  498  484 
test63.jpg   3 0.936436951  617    0 1126  617 
test64.jpg   0 0.956840456  462  275  869  822 
test65.jpg   0 0.999346197  119   49  208  279 
test66.jpg   0 0.997423649  463  110  866  702 
test67.jpg   0 0.999921083   99   30  207  278 
test68.jpg   0 0.999971151  338  115  994  928 
test68.jpg   0 0.994565010  324  590  899 1080 
test69.jpg   0 0.998741329  984  278 1246  777 
test69.jpg   0 0.996707559  644   67  751  386 
test69.jpg   2 0.996596754  764  148  922  545 
test70.jpg   0 0.999860048  390   97  900 1044 
test71.jpg   1 0.993950129  500  400  623  661 
test72.jpg   1 0.999938488 1815 2425 2906 3449 
test72.jpg   1 0.998973250 1749 1288 3123 2497 
test73.jpg   0 0.996561110  186  128  274  281 
test74.jpg   0 0.989956796  537  234  925 1067 
test75.jpg   0 0.997069597  350  300  535  697 
test75.jpg   3 0.999990344  522   11 1075 1046 
test76.jpg   0 0.984585226  239  827  272  986 
test76.jpg   1 0.999323487  640  327  860  760 
test77.jpg   2 0.999720633  229  118  309  251 
test77.jpg   3 0.931674600  188   27  237  142 
test78.jpg   0 0.994984269  223   98  389  311 
test79.jpg   2 0.886260569  338  128 1471  973 
test80.jpg   3 0.998945177  434    0 1440  886 
test81.jpg   3 0.991626501  298  268  498  753 
test82.jpg   3 0.999988675  419  274  898  850 
test83.jpg   0 0.999902129  418  159 1036  965 
test83.jpg   0 0.999410748  441    3 1092  199 
test83.jpg   0 0.944850147 1034   99 1469 1080 
test84.jpg   3 0.999835253   22    0 2452 4112 
test85.jpg   3 0.999891877  337  150  450  371 
test86.jpg   0 0.999141812  445   20 1031  955 
test87.jpg   0 0.993733943   40  219   87  329 
test87.jpg   3 0.990641654  235   71  415  282 
test88.jpg   1 0.999521017  241  377  438  653 
test89.jpg   2 0.999900222  652  153 1415  917 
test90.jpg   0 0.991456926  237   42  540  503 
test91.jpg   1 0.999989986  137   46  229  314 
test92.jpg   3 0.999946117  120   60  348  248 
test93.jpg   3 0.999992251  627   25 1217  918 
test94.jpg   0 0.999617934  269  117  397  325 
test94.jpg   0 0.998264968  262    0  329  158 
test95.jpg   0 0.999128997  751  683 1042 1048 
test95.jpg   3 0.999714673  570  650  673  931 
test96.jpg   2 0.999282897  823  446  957  713 
test97.jpg   0 0.985280335  467  108 1034  765 
test97.jpg   3 0.995018959  347  521  494  862 
test97.jpg   3 0.839065373  495  103  999  728 
test98.jpg   3 0.992777228  236  524  288  709 
test99.jpg   2 0.999750197  214   94  429  365 
test100.jpg 0 0.999551594  257    8  334  189 
test101.jpg 2 0.999881148  278   71  391  254 
test102.jpg 3 0.999007523 1273  343 1487  859 
test103.jpg 3 0.996751904  300    2  884  826 
test104.jpg 0 0.996166229 1046  110 1814 1028 
test104.jpg 3 0.999946713  668  175 1105  893 
test105.jpg 0 0.956797481  847   15 1693 1003 
test105.jpg 3 0.999017715  385    0 1706 1031 
test106.jpg 2 0.999282777  414  209 1160  846 
test107.jpg 0 0.999111593  281  141  346  250 
test107.jpg 0 0.822892010  398   65  460  245 
test108.jpg 2 0.997758746 1195  103 1908  864 
test109.jpg 0 0.999152184  834   11 1160  415 
test109.jpg 0 0.972632587  163  628  247  872 
test109.jpg 3 0.992961347  203  333  338  758 
test110.jpg 3 0.999814451  317  117  349  208 
test111.jpg 2 0.999742210  493  131 1198  925 
test112.jpg 3 0.997604966  385  459  597  869 
test113.jpg 0 0.999911547  966  325 1275  958 
test114.jpg 0 0.954843998  198  186  265  305 
test114.jpg 3 0.999992490  239   85  455  257 
test115.jpg 2 0.992517591  238  104  384  268 
test116.jpg 2 0.999237061  479   38  528  172 
test117.jpg 3 0.999986529  885  670 1119 1027 
test118.jpg 0 0.999978423  443   60 1013 1054 
test119.jpg 0 0.997122586  488   47 1324 1037 
test119.jpg 2 0.973586917   10    0  522  633 
test119.jpg 3 0.999117792    0    0  547  996 
test120.jpg 2 0.999895334  253   85  482  363 
test121.jpg 3 0.999997973  449   71  877  711 
test122.jpg 0 0.999551952  326  131  813  744 
test123.jpg 3 0.999915838  157   89  433  236 
test123.jpg 3 0.793375194    2  107   58  201 
test124.jpg 3 0.999989390  721  499 1065 1288 
test125.jpg 2 0.930916131  329    0 1236 1080 
test125.jpg 3 0.982632279  284    0 1245 1080 
test126.jpg 0 0.999862671  232   36  455  530 
test127.jpg 3 0.999978900 1054    1 1502  807 
test128.jpg 0 0.997154713   70  301  225  446 
test129.jpg 0 0.945286214  312  136  467  396 
test129.jpg 0 0.868007421  524  231  640  480 
test129.jpg 3 0.999538779  311   50  463  392 
test130.jpg 1 0.920680761  410  120  593  817 
test130.jpg 1 0.816947162  397   25  463  245 
test131.jpg 3 0.998968601  805  663  909  943 
test132.jpg 2 0.999735296  309  102  435  284 
test133.jpg 2 0.994900823  288   31 1303 1152 
test134.jpg 3 0.999948740  661  400  806  863 
test135.jpg 2 0.999610007  605  462  900  985 
test136.jpg 0 0.999693394  262  146  492  381 
test136.jpg 0 0.998500109  112  152  230  312 
test137.jpg 2 0.986914337  218    4 1184 1042 
test138.jpg 0 0.999751747 1001  437 1613 1239 
test138.jpg 0 0.999639273  791  785 1067 1263 
test139.jpg 0 0.975112736  646  227  812  597 
test140.jpg 0 0.999827862  126   56  229  274 
test141.jpg 0 0.961536705  864   62 1673 1245 
test141.jpg 3 0.993768811  817   62 1651 1239 
test142.jpg 1 0.873630047  456  224  612  446 
test142.jpg 2 0.911316872  454  220  612  445 
test143.jpg 3 0.999897957  693  375  828  664 
test144.jpg 3 0.999974370 1037  410 1236  722 
test145.jpg 3 0.999705613  715  351  940  766 
test146.jpg 3 0.999255836  884  336 1082  717 
test147.jpg 2 0.999920130  337   57  528  263 
test148.jpg 0 0.993762791  102  127  396  306 
test149.jpg 0 0.959668279  679  805  732 1028 
test149.jpg 3 0.999923944  802  401  980  803 
test150.jpg 3 0.999814689  474  326  689  724 
test151.jpg 3 0.999948978 1253  465 1573 1264 
test152.png 3 0.997326732  168   48  312  228 
test153.jpg 0 0.997110844  157  626  844 1477 
test154.jpg 0 0.995194137  320  131 1130  976 
test155.jpg 3 0.997486353  839  178 1267  708 
test156.jpg 2 0.999879599  157  102  274  256 
test157.jpg 2 0.999603093  159  112 1183  900 
test158.jpg 2 0.998849034  145   32  383  288 
test159.jpg 0 0.999816954  514  162  782  466 
test160.jpg 0 0.999661684  411  229  623  605 
test161.jpg 2 0.999619842  702  217 1421  991 
test162.jpg 3 0.999858618  490  263  929  839 
test163.jpg 3 0.999989271  153   90  335  269 
test164.jpg 2 0.999895215  113  117  274  320 
test165.jpg 0 0.967844665  682  225  799  451 
test165.jpg 0 0.839033484  483  335  537  448 
test165.jpg 1 0.999953508  535  265  665  404 
test166.jpg 1 0.999984145  201   79  546  469 
test167.jpg 2 0.999884486  297   97  448  279 
test168.jpg 2 0.999922752  167   97  313  292 
test169.jpg 0 0.989505351   40  154  240  405 
test170.jpg 3 0.996611536  276  108  385  268 
test171.jpg 3 0.997790217  341  177  704  743 
test172.jpg 0 0.973817170  609  452  821 1059 
test172.jpg 0 0.943100870 1093  308 1525  765 
test172.jpg 3 0.829517186  598  476  813 1046 
test173.jpg 0 0.999591291  950  303 1308  772 
test174.jpg 0 0.999855280  545  186  941  824 
test174.jpg 0 0.907795906  980    0 1322  215 
test175.jpg 3 0.999901891  370  100  434  260 
test176.jpg 3 0.999958873  142   64  303  261 
test177.jpg 0 0.998286426  109   27  659  539 
test178.jpg 0 0.787900805  447  236  693 1071 
test178.jpg 3 0.998911858  454  240  690 1044 
test179.jpg 3 0.999703944  541  159 1305 1074 
test180.jpg 0 0.978467703  558  151  864  919 
test180.jpg 3 0.931382895  559  150  856  922 
test181.jpg 2 0.994955838  287    9 1370 1027 
test182.jpg 0 0.936521053  165    1  221   33 
test182.jpg 3 0.999956131  197   42  348  243 
test183.jpg 2 0.999674439 1100  189 1599  659 
test184.jpg 3 0.998422623  471  369  553  670 
test185.jpg 0 0.999202549  609  394  855  749 
test186.jpg 1 0.996626735    0  708  834 1432 
test186.jpg 1 0.956236541    0  226  726 1071 
test187.jpg 3 0.998503089   43  318  326  846 
test188.jpg 2 0.999758661  655  265 1011  765 
test189.jpg 0 0.998668313  309  112  344  208 
test190.jpg 2 0.996081889  798  209 1281  769 
test191.jpg 0 0.932350695  954  144 1068  410 
test191.jpg 3 0.992621303 1038  504 1394 1171 
test192.jpg 0 0.999141455  315  371  441  805 
test192.jpg 3 0.981994808  463  232  874  933 
test193.jpg 0 0.916600645  405    4  466  112 
test193.jpg 0 0.902013183  127   35  342  270 
test193.jpg 3 0.992835224  123   30  343  276 
test194.jpg 0 0.999848962   74   89  610 1072 
test194.jpg 0 0.998064578  643   52 1440 1080 
test195.jpg 0 0.851584733   81  121  199  353 
test195.jpg 1 0.998764634   74   33  198  365 
test196.jpg 0 0.808062911  353  171  465  349 
test196.jpg 3 0.999960303  183   85  354  292 
test197.jpg 3 0.999069750  700  119 1379  804 
test198.jpg 0 0.999760807  469   32 1083 1089 
test198.jpg 0 0.999550402   69  334  376 1089 
test199.jpg 0 0.995832026  469  296  640  475 
test199.jpg 3 0.996272802  327  146  416  293 
test200.jpg 0 0.999766648  459  253  925 1052 
test201.jpg 3 0.999484301  650  513  848  842 
test202.jpg 2 0.999802291  602  207  949  861 
test202.jpg 2 0.894614995  940  441 1440 1080 
test202.jpg 3 0.934675634  922  458 1440 1080 
test203.jpg 0 0.953076005   97   12  315  329 
test203.jpg 1 0.999710381   96    2  315  331 
test204.jpg 2 0.998840988  748  260  892  554 
test205.jpg 0 0.975096405  248  692  401  797 
test205.jpg 1 0.999789655  179  350  394  651 
test206.jpg 2 0.999845743  927  183 3665 2266 
test207.jpg 3 0.999975681  437   25 1129  902 
test207.jpg 4 0.778950453 1278   91 1798 1066 
test208.jpg 2 0.999983430  103   83  398  359 
test209.jpg 0 0.985604703  934   86 1602  901 
test209.jpg 3 0.999954224  585  173  968  808 
test210.jpg 2 0.999744475  170   63  265  269 
test211.jpg 2 0.990614414  937   90 1075  539 
test212.jpg 2 0.999911189  140  116  302  318 
test213.jpg 3 0.809080780  649  353 1105  985 
test213.jpg 3 0.777640820  531  225  636  478 
test214.jpg 0 0.989505351   40  154  240  405 
test215.jpg 2 0.999670386 1022  191 1610  699 
test216.jpg 0 0.999792755   71   64  233  246 
test217.jpg 2 0.964878798  488  299  926  798 
test217.jpg 3 0.981906652  472  287  940  811 
test218.jpg 0 0.999898314  482  223  889  656 
test219.jpg 0 0.974508464    0   38   74  265 
test219.jpg 1 0.999974608  146   99  357  263 
test220.jpg 3 0.999939680  435  168  833  706 
test221.jpg 1 0.999997020  458   30 1177  746 
test222.jpg 2 0.999608338  304  169  584  413 
test223.jpg 2 0.999847651  537  256 1066  871 
test223.jpg 3 0.999071360  126  458  344  866 
test224.jpg 0 0.943858147  518  320  837  710 
test225.jpg 1 0.999997377  144  249  650  824 
test226.jpg 0 0.809197247  977  220 1768 1029 
test226.jpg 3 0.999590218  840  182 1771  978 
test227.jpg 0 0.999457777  487  202 1172  868 
test227.jpg 0 0.946601808    0  724  228 1080 
test228.jpg 0 0.996386528  156   63  290  290 
test228.jpg 0 0.993582129  315  142  614  351 
test229.jpg 0 0.999150753  221    1  338  118 
test229.jpg 0 0.997063816  178   27  254  189 
test229.jpg 3 0.998941839  255   81  434  382 
test229.jpg 3 0.966278851  362  389  525  478 
test230.jpg 0 0.999744236  227   29  292  194 
test230.jpg 0 0.965671182  149    2  185  104 
test230.jpg 3 0.999762356  250  110  393  353 
test231.jpg 0 0.996372104  797  290 1005  852 
test232.jpg 2 0.998243093  573   47 1075  847 
test232.jpg 2 0.836066663  103   95  181  268 
test233.jpg 0 0.996726632  104    0  164   97 
test233.jpg 0 0.995101392  177   67  311  285 
test233.jpg 0 0.990050852   93  240  153  281 
test234.jpg 3 0.988746464  231  131  557  555 
test235.jpg 3 0.999963999  319   44  374  231 
test236.jpg 3 0.914719820  418   76  602  425 
test237.jpg 0 0.999438703  368  259  484  502 
test237.jpg 3 0.999880910  538  221  800  596 
test238.jpg 2 0.999726355  169    0  359  308 
test239.jpg 3 0.999925852  842  192 1173  856 
test240.jpg 2 0.949908853  843  358 1383  980 
test241.jpg 0 0.974718392 1033 1044 1217 1279 
test241.jpg 3 0.999995828 1298  497 1629 1168 
test242.jpg 1 0.996270776    0   10  576  577 
test242.jpg 2 0.755533099    6  341  565  709 
test243.jpg 0 0.999883652  405  243 1093  921 
test244.jpg 0 0.989659607  700 1019  773 1274 
test244.jpg 3 0.999985099  908  583 1195 1022 
test245.jpg 3 0.865467543  400  300  500  600 
test246.jpg 0 0.999373019  748  281  885  783 
test246.jpg 2 0.913765073 1007  226 1420 1011 
test247.jpg 0 0.999972343  609  287  767  813 
test248.jpg 0 0.999464452  614  291  759  751 
test249.jpg 3 0.981305540  568  311  880  748 
test250.jpg 3 0.999598205  368  294  873  814 
test251.jpg 3 0.997027099 1607  508 1925 1222 
test252.jpg 3 0.998849154  464  237  746  614 
test253.jpg 3 0.999972343  891  186 1440  963 
test254.jpg 0 0.994355798  485   75  765  660 
test255.jpg 0 0.993539989  771  295 1087  773 
test255.jpg 3 0.995218813  519  301  814  719 
test256.jpg 0 0.997743964  443   63  507  230 
test256.jpg 2 0.980528295  401  461  441  565 
test257.jpg 2 0.999696493  277  109  410  222 
test258.jpg 2 0.999430001  558   82 1349  926 
test259.jpg 0 0.948245168  568  146  612  292 
test259.jpg 3 0.999494553  950  277 1209  656 
test260.jpg 2 0.988166332   86    0 1445 1080 
test260.jpg 2 0.897934854 1762  519 1895  940 
test261.jpg 0 0.853536010  918  305 1246  837 
test261.jpg 3 0.996489823  909  319 1267  830 
test262.jpg 2 0.957498074  376 1528 1502 3188 
test262.jpg 3 0.999841690  466  200 3150 2998 
test263.jpg 0 0.992146790  225  142  319  265 
test264.jpg 0 0.999579728  508  180  732  474 
test265.jpg 0 0.999375403  253  232  348  382 
test265.jpg 1 0.996676087  340  119  560  343 
test266.jpg 0 0.999916315  456   33 1022 1074 
test267.jpg 0 0.996249855  274   19  560  597 
test268.jpg 0 0.986263514   67  966 1427 2469 
test268.jpg 0 0.793751299 2428   51 2719  335 
test268.jpg 2 0.991331100 1441  745 3371 2985 
test269.jpg 0 0.999784291  584  346  877  920 
test270.jpg 0 0.995685458  713  150  875  396 
test270.jpg 0 0.946292996  849  308  992  704 
test271.jpg 3 0.999869585  232   76  398  193 
test272.jpg 0 0.990722299  869  744  987 1179 
test272.jpg 3 0.999960303 1022  334 1345 1058 
test273.jpg 0 0.995465577   51   40  112  238 
test274.jpg 3 0.999920249  899  316 1122  661 
test275.jpg 2 0.999888301  161  110  345  330 
test276.jpg 0 0.992631793  467    0  547  219 
test276.jpg 0 0.991333544  531  618  600  928 
test276.jpg 2 0.978134990  861  246 1144  791 
test277.jpg 0 0.995694876  121  265  162  341 
test277.jpg 1 0.999993563  232   74  373  234 
test278.jpg 0 0.990656316  465   17  613  400 
test278.jpg 0 0.956110120  481  480  661  812 
test278.jpg 0 0.825618804 1007    0 1440  585 
test279.png 0 0.999907970  532  246  908  844 
test279.png 0 0.850260437  150  806  185  953 
test280.jpg 0 0.997719586  225   59 1132 1031 
test281.jpg 0 0.827522159 1418  746 1706 1279 
test281.jpg 0 0.793143809 1592  137 1695  839 
test281.jpg 3 0.998457909 1085  433 1557  987 
test282.jpg 2 0.999062717  578  208 1146  896 
test283.jpg 0 0.974144518 1216  787 1290 1020 
test283.jpg 3 0.999867082 1594  408 1900 1067 
test284.jpg 0 0.998074770  373  443  448  627 
test284.jpg 0 0.996581018  479  184  678  551 
test285.jpg 0 0.999296665  464  307  704  791 
test285.jpg 0 0.978586197  421    0  748  198 
test286.jpg 2 0.998736322  360  376  860 1015 
test287.jpg 0 0.999704659  343  190  908  802 
test288.jpg 0 0.997800410  315  141  401  282 
test288.jpg 0 0.994124115  469  282  640  480 
test289.jpg 0 0.977059543 1320    2 1652   96 
test289.jpg 3 0.998786628 1010  163 1223  772 
test290.jpg 0 0.999301672   72  157  224  390 
test290.jpg 0 0.996982157   15  465  117  660 
test290.jpg 3 0.999992847  267  243  569  571 
test291.jpg 0 0.997776568  666  258  751  477 
test291.jpg 3 0.979896665  789  348  977  639 
test292.jpg 0 0.999599397  529  425  821 1080 
test292.jpg 0 0.993911147  442  817  577 1080 
test292.jpg 3 0.996022820  424  461  538  844 
test293.jpg 3 0.999958873  965  264 1259  708 
test294.jpg 2 0.998709321  879  212 3241 2675 
test295.jpg 1 0.999987006  256  136  593  534 
test296.jpg 3 0.999993682 1650  327 2046 1106 
test297.jpg 0 0.999907732  457  231  729  828 
test297.jpg 0 0.988419294  957   10 1438 1080 
test297.jpg 0 0.976233006  119  503  215  987 
test297.jpg 0 0.928877175  663    5  861  170 
test297.jpg 0 0.894852698   71  477  112  593 
test297.jpg 0 0.761026204  133    3  211  317 
test298.jpg 0 0.997987270  189  313 1202 1076 
test299.jpg 0 0.817500234 1521  314 1749  780 
test299.jpg 3 0.837748408 1507  298 1728  814 
test300.jpg 0 0.998273373  886    0 1511 1080 
test301.jpg 0 0.981705070  662  244  812  532 
test301.jpg 0 0.973697245  549   24  620  196 
test302.jpg 0 0.999421358   65  223  151  421 
test302.jpg 3 0.989510953  214  111  430  377 
test303.jpg 0 0.985379636  175  190  205  283 
test303.jpg 0 0.950752616  304  254  416  385 
test303.jpg 2 0.992117345  277  131  427  239 
test304.jpg 1 0.999910355  157  213  472  562 
test305.jpg 1 0.999993324   71   26  297  296 
test306.jpg 2 0.985753119  649   60 1332  726 
test306.jpg 2 0.938363969    0   94  868  953 
test307.jpg 2 0.998417377  537  239  615  470 
test308.jpg 3 0.999983549 1408  236 1771  955 
test309.jpg 0 0.999742806  236  113 1173  912 
test310.jpg 0 0.997214913  548  130 1125  989 
test311.jpg 0 0.980022550  834  149 1498  887 
test312.jpg 0 0.999987483  505    0 1282 1076 
test313.jpg 1 0.895916224  398  434  558  725 
test314.jpg 3 0.999895811 1517  146 3269 2812 
test315.jpg 2 0.984938383 1203  230 1401  655 
test316.jpg 2 0.907309115  473   55 1391  982 
test316.jpg 3 0.989883125  314   56 1383  953 
test317.jpg 1 0.999895811   76  106  479  556 
test318.jpg 2 0.972651005  286   29 1667 1061 
test318.jpg 3 0.821760118  206   25 1133 1041 
test319.jpg 3 0.999996424  665  489 1080 1246 
test320.jpg 0 0.896756649  329   21  445  305 
test320.jpg 3 0.999682426  360  294  496  770 
test321.jpg 0 0.974810302  442   99  568  297 
test321.jpg 1 0.999518394  253   55  408  212 
test322.jpg 1 0.965876453  340  450  500  600 
test323.jpg 0 0.949303448  145   40  314  256 
test323.jpg 3 0.999703348  144   39  313  265 
test324.jpg 2 0.999342501  487  171 1200  911 
test325.jpg 0 0.999812424  626  232  964  743 
test326.jpg 1 0.999957085  193   64  348  229 
test327.jpg 0 0.999794900  374   94  860 1064 
test328.jpg 3 0.999963045 1268  479 3229 2698 
test329.jpg 0 0.997322977  447  277  947 1073 
test329.jpg 2 0.985953391  401    6  935  992 
test329.jpg 3 0.997085989  109  336  456  862 
test330.jpg 3 0.999558628  416  265  579  704 
test331.jpg 1 0.999988794   20   72  177  253 
test332.jpg 2 0.999573290  342  210 1419  967 
test333.jpg 3 0.999999166  221  119  467  302 
test334.jpg 0 0.882903576  356  431  409  554 
test334.jpg 1 0.993013918  416  446  504  623 
test335.jpg 2 0.998624325  833  192 1254  816 
test336.jpg 0 0.758249164  402  331  714  870 
test336.jpg 3 0.999125779  396  133  713  881 
test337.jpg 0 0.997795224  222   58  293  204 
test338.jpg 2 0.997326612  169   40  483  335 
test339.jpg 2 0.999891996  162   44  293  279 
test340.jpg 0 0.997286081 1173    5 1474  333 
test340.jpg 0 0.975253165 1075  280 1417  824 
test341.jpg 2 0.999682546  137   86  343  394 
test342.jpg 2 0.999889851  183  458  525  810 
test343.jpg 2 0.997091174  756  240  853  516 
test344.jpg 2 0.999870300  168   84  303  238 
test345.jpg 3 0.997722089  851  444 1089  837 
test346.jpg 3 0.999973893  400  235  705  722 
test347.jpg 0 0.999467075  335  140  431  334 
test347.jpg 0 0.991492689  333  261  456  457 
test347.jpg 2 0.941516519  365  445  490  594 
test348.png 3 0.999384165   99  168  741  827 
test349.jpg 0 0.997819304  435  247  552  462 
